site;HMWS_C;humic_like_substance_C;LMWS_C;HMWS_N;HS;SUVA_HS;SUVA_ges
Aguilar;0.311;1.3911666666666667;0.29483333333333334;0.030333333333333334;0.07416666666666667;3.3516666666666666;3.15
Arlanzon;0.17300000000000001;1.1695;0.2728333333333333;0.025666666666666667;0.0465;3.486666666666667;3.283333333333333
Bernesga;0.14;0.6818333333333333;0.137;0.0165;0.0296;4.233333333333333;4.416666666666667
Cea;0.169;1.1723333333333334;0.2325;0.021;0.050666666666666665;3.5166666666666666;3.6333333333333333
Curueno;0.12000000000000001;1.287;0.14625;0.019200000000000002;0.05466666666666667;3.9;4.2
Deva;NA;0.7368333333333333;0.1308;0.023;0.0348;3.575;3.9
Duero;0.28;2.8475;0.5128333333333334;0.035166666666666666;0.0835;3.29;3.0666666666666664
Ebro;0.26383333333333336;2.9641666666666664;0.44283333333333336;0.03966666666666667;0.1335;3.4266666666666667;3.433333333333333
Ega;0.139;1.6758333333333333;0.2385;0.060250000000000005;0.069;3.3649999999999998;3.4833333333333334
Esla;NA;0.7283333333333333;0.129;0.0125;0.035666666666666666;3.47;3.9333333333333336
Luna;0.1765;0.8089999999999999;0.144;0.034;0.0365;3.961666666666667;3.816666666666667
Nalon;0.14;1.9373333333333334;0.13825;0.024666666666666667;0.0308;4.51;4.433333333333334
Nansa;0.126;1.4023333333333334;0.2246;0.037;0.0514;4.713333333333333;4.766666666666667
Narcea;0.179;1.3103333333333333;0.20350000000000001;0.02275;0.048666666666666664;4.486666666666666;4.45
Omana;0.1105;1.052;0.18216666666666667;0.015;0.045;4.398333333333333;4.383333333333333
Pisuerga;0.2365;1.1873333333333334;0.21816666666666668;0.0282;0.05183333333333333;3.8;3.75
Porma;0.136;1.0563333333333333;0.1735;0.021333333333333333;0.041666666666666664;4.033333333333333;4.116666666666667
Sella;0.1;0.61;0.11;0.02;0.0194;3.83;4.516666666666667
Tiron;NA;0.7056666666666667;0.14083333333333334;NA;0.0965;2.96;3.3333333333333335
